id,store_name,日付,機種,台番,差枚,G数,BB,RB,合成,updated_at
701722,マルハン亀有,2025-12-09,スマスロ 東京リベンジャーズ,900,13500,8068,0,0,-,2025-12-26 09:18:09
701723,マルハン亀有,2025-12-09,いざ！番長,656,12200,7167,0,0,-,2025-12-26 09:18:09
701724,マルハン亀有,2025-12-09,スマスロ 東京リベンジャーズ,893,11500,9161,0,0,-,2025-12-26 09:18:09
701725,マルハン亀有,2025-12-09,スマスロ 東京リベンジャーズ,894,9200,9177,0,0,-,2025-12-26 09:18:09
701726,マルハン亀有,2025-12-09,Lスマスロ北斗の拳,933,8800,4802,88,5,1/52,2025-12-26 09:18:09
701727,マルハン亀有,2025-12-09,Lパチスロ革命機ヴァルヴレイヴ2,873,8100,8798,0,0,-,2025-12-26 09:18:09
701728,マルハン亀有,2025-12-09,L東京喰種,846,7700,7835,0,0,-,2025-12-26 09:18:09
701729,マルハン亀有,2025-12-09,Lパチスロ革命機ヴァルヴレイヴ2,872,7500,7671,0,0,-,2025-12-26 09:18:09
701730,マルハン亀有,2025-12-09,スマスロモンキーターンV,624,7400,8681,0,0,-,2025-12-26 09:18:09
701731,マルハン亀有,2025-12-09,Lパチスロ革命機ヴァルヴレイヴ2,869,6800,8020,0,0,-,2025-12-26 09:18:09
701732,マルハン亀有,2025-12-09,スマスロ 東京リベンジャーズ,895,6500,7852,0,0,-,2025-12-26 09:18:09
701733,マルハン亀有,2025-12-09,スマスロモンキーターンV,630,6500,8346,0,0,-,2025-12-26 09:18:09
701734,マルハン亀有,2025-12-09,パチスロ　甲鉄城のカバネリ,666,6400,5574,0,0,-,2025-12-26 09:18:09
701735,マルハン亀有,2025-12-09,Lパチスロ革命機ヴァルヴレイヴ,835,6100,5578,0,0,-,2025-12-26 09:18:09
701736,マルハン亀有,2025-12-09,Lパチスロ かぐや様は告らせたい,588,6100,6068,0,0,-,2025-12-26 09:18:09
701737,マルハン亀有,2025-12-09,Lスマスロ北斗の拳,996,6000,5544,82,6,1/63,2025-12-26 09:18:09
701738,マルハン亀有,2025-12-09,スマスロ ゴッドイーター リザレクション,1013,5900,5342,0,0,-,2025-12-26 09:18:09
701739,マルハン亀有,2025-12-09,Lパチスロ革命機ヴァルヴレイヴ2,876,5300,8511,0,0,-,2025-12-26 09:18:09
701740,マルハン亀有,2025-12-09,Lスマスロ北斗の拳,993,5300,8929,103,26,1/69,2025-12-26 09:18:09
701741,マルハン亀有,2025-12-09,Lパチスロ かぐや様は告らせたい,611,5200,8112,0,0,-,2025-12-26 09:18:09
701742,マルハン亀有,2025-12-09,スマスロ マギアレコード 魔法少女まどか☆マギカ外伝,601,5200,7528,0,0,-,2025-12-26 09:18:09
701743,マルハン亀有,2025-12-09,Lパチスロ かぐや様は告らせたい,589,5100,4541,0,0,-,2025-12-26 09:18:09
701744,マルハン亀有,2025-12-09,スマスロ スーパーブラックジャック,1027,5000,2703,0,0,-,2025-12-26 09:18:09
701745,マルハン亀有,2025-12-09,Lスマスロ北斗の拳,997,4800,8954,92,23,1/78,2025-12-26 09:18:09
701746,マルハン亀有,2025-12-09,L東京喰種,843,4800,8078,0,0,-,2025-12-26 09:18:09
701747,マルハン亀有,2025-12-09,Lパチスロ かぐや様は告らせたい,616,4700,2594,0,0,-,2025-12-26 09:18:09
701748,マルハン亀有,2025-12-09,L東京喰種,848,4400,7680,0,0,-,2025-12-26 09:18:09
701749,マルハン亀有,2025-12-09,Lスマスロ北斗の拳,930,4300,8952,99,25,1/72,2025-12-26 09:18:09
701750,マルハン亀有,2025-12-09,Lパチスロからくりサーカス,1047,4000,1575,0,0,-,2025-12-26 09:18:09
701751,マルハン亀有,2025-12-09,押忍！番長ＺＥＲＯ,686,4000,4668,0,0,-,2025-12-26 09:18:09
701752,マルハン亀有,2025-12-09,スマスロ 東京リベンジャーズ,892,3900,10038,0,0,-,2025-12-26 09:18:09
701753,マルハン亀有,2025-12-09,スマスロモンキーターンV,635,3900,7084,0,0,-,2025-12-26 09:18:09
701754,マルハン亀有,2025-12-09,沖ドキ!ゴージャス 25Φ,675,3900,4493,0,0,-,2025-12-26 09:18:09
701755,マルハン亀有,2025-12-09,スマスロモンキーターンV,643,3800,7629,0,0,-,2025-12-26 09:18:09
701756,マルハン亀有,2025-12-09,L絶対衝激IV,952,3700,2044,0,0,-,2025-12-26 09:18:09
701757,マルハン亀有,2025-12-09,Lパチスロからくりサーカス,1045,3700,3067,0,0,-,2025-12-26 09:18:09
701758,マルハン亀有,2025-12-09,スマスロモンキーターンV,623,3500,8183,0,0,-,2025-12-26 09:18:09
701759,マルハン亀有,2025-12-09,Lパチスロ かぐや様は告らせたい,592,3300,3475,0,0,-,2025-12-26 09:18:09
701760,マルハン亀有,2025-12-09,ネオアイムジャグラーEX,825,3000,5996,33,20,1/113,2025-12-26 09:18:09
701761,マルハン亀有,2025-12-09,L東京喰種,839,3000,8118,0,0,-,2025-12-26 09:18:09
701762,マルハン亀有,2025-12-09,ミスタージャグラー,779,3000,7034,0,0,-,2025-12-26 09:18:09
701763,マルハン亀有,2025-12-09,スマスロ 東京リベンジャーズ,899,2800,9547,0,0,-,2025-12-26 09:18:09
701764,マルハン亀有,2025-12-09,Lアズールレーン THE ANIMATION,948,2800,3561,0,0,-,2025-12-26 09:18:09
701765,マルハン亀有,2025-12-09,スマスロモンキーターンV,628,2800,8733,0,0,-,2025-12-26 09:18:09
701766,マルハン亀有,2025-12-09,ジャグラーガールズSS,774,2700,5949,0,0,-,2025-12-26 09:18:09
701767,マルハン亀有,2025-12-09,いざ！番長,653,2600,8031,0,0,-,2025-12-26 09:18:09
701768,マルハン亀有,2025-12-09,沖ドキ!ゴージャス 25Φ,684,2600,4205,0,0,-,2025-12-26 09:18:09
701769,マルハン亀有,2025-12-09,マイジャグラーV,721,2600,7173,34,27,1/118,2025-12-26 09:18:09
701770,マルハン亀有,2025-12-09,スマスロ 東京リベンジャーズ,897,2500,9088,0,0,-,2025-12-26 09:18:09
701771,マルハン亀有,2025-12-09,LBパチスロ ヱヴァンゲリヲン～約束の扉～,983,2500,7452,0,0,-,2025-12-26 09:18:09
701772,マルハン亀有,2025-12-09,L ToLOVEるダークネス TRANCE ver.8.7,961,2500,3532,0,0,-,2025-12-26 09:18:09
701773,マルハン亀有,2025-12-09,L東京喰種,850,2500,5794,0,0,-,2025-12-26 09:18:09
701774,マルハン亀有,2025-12-09,新ハナビ,692,2400,6591,0,0,-,2025-12-26 09:18:09
701775,マルハン亀有,2025-12-09,スマスロネオプラネット,963,2400,7174,0,0,-,2025-12-26 09:18:09
701776,マルハン亀有,2025-12-09,L東京喰種,840,2400,7183,0,0,-,2025-12-26 09:18:09
701777,マルハン亀有,2025-12-09,Lパチスロ かぐや様は告らせたい,617,2300,2847,0,0,-,2025-12-26 09:18:09
701778,マルハン亀有,2025-12-09,スマスロ ゴッドイーター リザレクション,1023,2300,5382,0,0,-,2025-12-26 09:18:09
701779,マルハン亀有,2025-12-09,ネオアイムジャグラーEX,813,2300,7393,40,18,1/127,2025-12-26 09:18:09
701780,マルハン亀有,2025-12-09,スマスロ 東京リベンジャーズ,891,2200,10052,0,0,-,2025-12-26 09:18:09
701781,マルハン亀有,2025-12-09,スマスロ ゴッドイーター リザレクション,1021,2000,4678,0,0,-,2025-12-26 09:18:09
701782,マルハン亀有,2025-12-09,Lパチスロ革命機ヴァルヴレイヴ2,870,2000,6919,0,0,-,2025-12-26 09:18:09
701783,マルハン亀有,2025-12-09,Lスマスロ北斗の拳,927,1900,8079,78,22,1/81,2025-12-26 09:18:09
701784,マルハン亀有,2025-12-09,ファンキージャグラー２ＫＴ,763,1900,6156,32,17,1/126,2025-12-26 09:18:09
701785,マルハン亀有,2025-12-09,ネオアイムジャグラーEX,819,1900,8547,38,25,1/136,2025-12-26 09:18:09
701786,マルハン亀有,2025-12-09,スマスロ スーパーブラックジャック,1029,1900,5291,0,0,-,2025-12-26 09:18:09
701787,マルハン亀有,2025-12-09,L主役は銭形5,607,1900,5022,0,0,-,2025-12-26 09:18:09
701788,マルハン亀有,2025-12-09,交響詩篇エウレカセブン HI-EVOLUTION ZERO TYPE-ART,663,1900,7378,0,0,-,2025-12-26 09:18:09
701789,マルハン亀有,2025-12-09,Lスマスロ北斗の拳,1000,1900,7202,71,17,1/82,2025-12-26 09:18:09
701790,マルハン亀有,2025-12-09,ゴーゴージャグラー３,702,1800,8041,35,33,1/118,2025-12-26 09:18:09
701791,マルハン亀有,2025-12-09,沖ドキ!ゴージャス 25Φ,682,1800,4802,0,0,-,2025-12-26 09:18:09
701792,マルハン亀有,2025-12-09,スマスロ マギアレコード 魔法少女まどか☆マギカ外伝,597,1800,6011,0,0,-,2025-12-26 09:18:09
701793,マルハン亀有,2025-12-09,パチスロ　甲鉄城のカバネリ,669,1800,5975,0,0,-,2025-12-26 09:18:09
701794,マルハン亀有,2025-12-09,ネオアイムジャグラーEX,804,1700,8830,36,29,1/136,2025-12-26 09:18:09
701795,マルハン亀有,2025-12-09,Lスマスロ北斗の拳,992,1700,5183,58,11,1/75,2025-12-26 09:18:09
701796,マルハン亀有,2025-12-09,スマスロ新鬼武者3,853,1700,7722,0,0,-,2025-12-26 09:18:09
701797,マルハン亀有,2025-12-09,スマスロモンキーターンV,644,1700,5104,0,0,-,2025-12-26 09:18:09
701798,マルハン亀有,2025-12-09,Lパチスロ革命機ヴァルヴレイヴ2,889,1700,7982,0,0,-,2025-12-26 09:18:09
701799,マルハン亀有,2025-12-09,L東京喰種,851,1600,6134,0,0,-,2025-12-26 09:18:09
701800,マルハン亀有,2025-12-09,Lスマスロ北斗の拳,923,1600,7786,74,23,1/80,2025-12-26 09:18:09
701801,マルハン亀有,2025-12-09,Lスマスロ北斗の拳,922,1600,2122,31,3,1/62,2025-12-26 09:18:09
701802,マルハン亀有,2025-12-09,押忍！番長ＺＥＲＯ,688,1600,4773,0,0,-,2025-12-26 09:18:09
701803,マルハン亀有,2025-12-09,吉宗,906,1600,5235,0,0,-,2025-12-26 09:18:09
701804,マルハン亀有,2025-12-09,ファンキージャグラー２ＫＴ,758,1500,7912,38,15,1/149,2025-12-26 09:18:09
701805,マルハン亀有,2025-12-09,スマスロ ゴッドイーター リザレクション,1022,1500,4447,0,0,-,2025-12-26 09:18:09
701806,マルハン亀有,2025-12-09,沖ドキ!ゴージャス 25Φ,677,1500,4227,0,0,-,2025-12-26 09:18:09
701807,マルハン亀有,2025-12-09,Lパチスロ炎炎ノ消防隊,972,1500,5549,0,0,-,2025-12-26 09:18:09
701808,マルハン亀有,2025-12-09,沖ドキ!ゴージャス 25Φ,674,1500,4024,0,0,-,2025-12-26 09:18:09
701809,マルハン亀有,2025-12-09,L東京喰種,838,1500,6941,0,0,-,2025-12-26 09:18:09
701810,マルハン亀有,2025-12-09,スマスロ 東京リベンジャーズ,898,1500,7529,0,0,-,2025-12-26 09:18:09
701811,マルハン亀有,2025-12-09,Lパチスロ炎炎ノ消防隊,974,1500,8353,0,0,-,2025-12-26 09:18:09
701812,マルハン亀有,2025-12-09,ファンキージャグラー２ＫＴ,753,1500,8726,36,30,1/132,2025-12-26 09:18:09
701813,マルハン亀有,2025-12-09,沖ドキ!ゴージャス 25Φ,676,1400,3245,0,0,-,2025-12-26 09:18:09
701814,マルハン亀有,2025-12-09,ファンキージャグラー２ＫＴ,735,1400,7307,32,20,1/141,2025-12-26 09:18:09
701815,マルハン亀有,2025-12-09,マイジャグラーV,742,1400,7934,33,26,1/134,2025-12-26 09:18:09
701816,マルハン亀有,2025-12-09,ハッピージャグラーＶＩＩＩ,789,1400,6205,30,16,1/135,2025-12-26 09:18:09
701817,マルハン亀有,2025-12-09,L戦国乙女４　戦乱に閃く炯眼の軍師,970,1300,4892,0,0,-,2025-12-26 09:18:09
701818,マルハン亀有,2025-12-09,パチスロ　甲鉄城のカバネリ,668,1300,6711,0,0,-,2025-12-26 09:18:09
701819,マルハン亀有,2025-12-09,スマスロ化物語,920,1300,6731,0,0,-,2025-12-26 09:18:09
701820,マルハン亀有,2025-12-09,ハッピージャグラーＶＩＩＩ,786,1300,5504,24,18,1/131,2025-12-26 09:18:09
701821,マルハン亀有,2025-12-09,ネオアイムジャグラーEX,829,1300,6189,28,16,1/141,2025-12-26 09:18:09
701822,マルハン亀有,2025-12-09,パチスロ　甲鉄城のカバネリ,670,1200,6348,0,0,-,2025-12-26 09:18:09
701823,マルハン亀有,2025-12-09,吉宗,908,1200,4479,0,0,-,2025-12-26 09:18:09
701824,マルハン亀有,2025-12-09,Lパチスロからくりサーカス,1046,1100,4253,0,0,-,2025-12-26 09:18:09
701825,マルハン亀有,2025-12-09,L東京喰種,845,1100,4932,0,0,-,2025-12-26 09:18:09
701826,マルハン亀有,2025-12-09,マイジャグラーV,727,1100,6792,29,18,1/145,2025-12-26 09:18:09
701827,マルハン亀有,2025-12-09,ファンキージャグラー２ＫＴ,752,1100,7837,31,30,1/128,2025-12-26 09:18:09
701828,マルハン亀有,2025-12-09,スマスロモンキーターンV,631,1100,3100,0,0,-,2025-12-26 09:18:09
701829,マルハン亀有,2025-12-09,ネオアイムジャグラーEX,803,1100,9425,36,34,1/135,2025-12-26 09:18:09
701830,マルハン亀有,2025-12-09,パチスロ　甲鉄城のカバネリ,665,1000,6945,0,0,-,2025-12-26 09:18:09
701831,マルハン亀有,2025-12-09,スマスロ デビルメイクライ5 スタイリッシュトライブ,942,1000,5294,0,0,-,2025-12-26 09:18:09
701832,マルハン亀有,2025-12-09,沖ドキ!ゴージャス 25Φ,680,1000,4114,0,0,-,2025-12-26 09:18:09
701833,マルハン亀有,2025-12-09,Lパチスロ革命機ヴァルヴレイヴ2,867,1000,7446,0,0,-,2025-12-26 09:18:09
701834,マルハン亀有,2025-12-09,吉宗,905,1000,7293,0,0,-,2025-12-26 09:18:09
701835,マルハン亀有,2025-12-09,スマスロ バイオハザード5,936,1000,3637,0,0,-,2025-12-26 09:18:09
701836,マルハン亀有,2025-12-09,スマスロ モンスターハンターライズ,1038,1000,7763,0,0,-,2025-12-26 09:18:09
701837,マルハン亀有,2025-12-09,A-SLOT+ ディスクアップ ULTRAREMIX,1011,1000,4043,17,9,1/156,2025-12-26 09:18:09
701838,マルハン亀有,2025-12-09,マイジャグラーV,723,1000,7779,35,17,1/150,2025-12-26 09:18:09
701839,マルハン亀有,2025-12-09,スマスロ ゴッドイーター リザレクション,1018,900,3476,0,0,-,2025-12-26 09:18:09
701840,マルハン亀有,2025-12-09,Lスマスロ北斗の拳,921,900,2594,30,4,1/76,2025-12-26 09:18:09
701841,マルハン亀有,2025-12-09,ハッピージャグラーＶＩＩＩ,805,900,9845,37,34,1/139,2025-12-26 09:18:09
701842,マルハン亀有,2025-12-09,Lパチスロ革命機ヴァルヴレイヴ2,878,900,8540,0,0,-,2025-12-26 09:18:09
701843,マルハン亀有,2025-12-09,マイジャグラーV,732,800,6279,31,9,1/157,2025-12-26 09:18:09
701844,マルハン亀有,2025-12-09,ネオアイムジャグラーEX,828,800,7154,28,24,1/138,2025-12-26 09:18:09
701845,マルハン亀有,2025-12-09,パチスロ炎炎ノ消防隊,662,800,5058,0,0,-,2025-12-26 09:18:09
701846,マルハン亀有,2025-12-09,ゴーゴージャグラー３,697,800,4238,20,12,1/132,2025-12-26 09:18:09
701847,マルハン亀有,2025-12-09,ゴーゴージャグラー３,703,800,7046,31,24,1/128,2025-12-26 09:18:09
701848,マルハン亀有,2025-12-09,ウルトラミラクルジャグラー,795,800,4452,0,0,-,2025-12-26 09:18:09
701849,マルハン亀有,2025-12-09,スマスロ バイオハザード5,938,800,4456,0,0,-,2025-12-26 09:18:09
701850,マルハン亀有,2025-12-09,Lスマスロ北斗の拳,1001,800,4147,37,8,1/92,2025-12-26 09:18:09
701851,マルハン亀有,2025-12-09,L麻雀物語,1006,800,3870,0,0,-,2025-12-26 09:18:09
701852,マルハン亀有,2025-12-09,スマスロ モンスターハンターライズ,1036,800,4882,0,0,-,2025-12-26 09:18:09
701853,マルハン亀有,2025-12-09,スマスロ モンスターハンターライズ,1035,700,3993,0,0,-,2025-12-26 09:18:09
701854,マルハン亀有,2025-12-09,スマスロ 東京リベンジャーズ,896,700,7970,0,0,-,2025-12-26 09:18:09
701855,マルハン亀有,2025-12-09,スマスロ化物語,917,700,7318,0,0,-,2025-12-26 09:18:09
701856,マルハン亀有,2025-12-09,パチスロ　甲鉄城のカバネリ,664,600,4213,0,0,-,2025-12-26 09:18:09
701857,マルハン亀有,2025-12-09,ゴーゴージャグラー３,696,600,6781,29,19,1/141,2025-12-26 09:18:09
701858,マルハン亀有,2025-12-09,ゴーゴージャグラー３,706,600,6270,27,18,1/139,2025-12-26 09:18:09
701859,マルハン亀有,2025-12-09,Lパチスロ革命機ヴァルヴレイヴ2,871,600,5257,0,0,-,2025-12-26 09:18:09
701860,マルハン亀有,2025-12-09,ジャグラーガールズSS,773,600,3784,0,0,-,2025-12-26 09:18:09
701861,マルハン亀有,2025-12-09,L主役は銭形5,609,600,6335,0,0,-,2025-12-26 09:18:09
701862,マルハン亀有,2025-12-09,ファンキージャグラー２ＫＴ,762,500,6983,28,18,1/152,2025-12-26 09:18:09
701863,マルハン亀有,2025-12-09,L戦国乙女４　戦乱に閃く炯眼の軍師,969,500,5352,0,0,-,2025-12-26 09:18:09
701864,マルハン亀有,2025-12-09,ファンキージャグラー２ＫＴ,765,500,2096,9,7,1/131,2025-12-26 09:18:09
701865,マルハン亀有,2025-12-09,Lパチスロからくりサーカス,1044,500,597,0,0,-,2025-12-26 09:18:09
701866,マルハン亀有,2025-12-09,スマスロモンキーターンV,645,500,4287,0,0,-,2025-12-26 09:18:09
701867,マルハン亀有,2025-12-09,チバリヨ2プラス,991,500,1067,0,0,-,2025-12-26 09:18:09
701868,マルハン亀有,2025-12-09,Lパチスロからくりサーカス,1052,500,3073,0,0,-,2025-12-26 09:18:09
701869,マルハン亀有,2025-12-09,スマスロモンキーターンV,633,500,8685,0,0,-,2025-12-26 09:18:09
701870,マルハン亀有,2025-12-09,L主役は銭形5,605,500,5942,0,0,-,2025-12-26 09:18:09
701871,マルハン亀有,2025-12-09,ファンキージャグラー２ＫＴ,768,400,3813,17,8,1/153,2025-12-26 09:18:09
701872,マルハン亀有,2025-12-09,スマスロモンキーターンV,627,400,6724,0,0,-,2025-12-26 09:18:09
701873,マルハン亀有,2025-12-09,アレックス ブライト,987,400,3871,0,0,-,2025-12-26 09:18:09
701874,マルハン亀有,2025-12-09,L東京喰種,841,400,4985,0,0,-,2025-12-26 09:18:09
701875,マルハン亀有,2025-12-09,ミスタージャグラー,776,400,2448,0,0,-,2025-12-26 09:18:09
701876,マルハン亀有,2025-12-09,ファンキージャグラー２ＫＴ,750,400,5369,22,16,1/141,2025-12-26 09:18:09
701877,マルハン亀有,2025-12-09,マジカルハロウィン ボーナストリガー,989,300,1841,0,0,-,2025-12-26 09:18:09
701878,マルハン亀有,2025-12-09,クレアの秘宝伝～はじまりの扉と太陽の石～ボーナストリガーver.,980,300,2647,0,0,-,2025-12-26 09:18:09
701879,マルハン亀有,2025-12-09,ウルトラミラクルジャグラー,794,300,3130,0,0,-,2025-12-26 09:18:09
701880,マルハン亀有,2025-12-09,クレアの秘宝伝～はじまりの扉と太陽の石～ボーナストリガーver.,982,300,2076,0,0,-,2025-12-26 09:18:09
701881,マルハン亀有,2025-12-09,スマスロ ゴッドイーター リザレクション,1020,300,5830,0,0,-,2025-12-26 09:18:09
701882,マルハン亀有,2025-12-09,ゴーゴージャグラー３,714,300,3214,15,10,1/129,2025-12-26 09:18:09
701883,マルハン亀有,2025-12-09,スマスロ ゴッドイーター リザレクション,1017,300,3981,0,0,-,2025-12-26 09:18:09
701884,マルハン亀有,2025-12-09,マイジャグラーV,730,300,7489,27,24,1/147,2025-12-26 09:18:09
701885,マルハン亀有,2025-12-09,マイジャグラーV,708,300,7294,30,20,1/146,2025-12-26 09:18:09
701886,マルハン亀有,2025-12-09,スマスロ スーパーブラックジャック,1026,300,289,0,0,-,2025-12-26 09:18:09
701887,マルハン亀有,2025-12-09,SアイムジャグラーＥＸ,810,300,6719,28,17,1/149,2025-12-26 09:18:09
701888,マルハン亀有,2025-12-09,マイジャグラーV,726,300,7552,34,15,1/154,2025-12-26 09:18:09
701889,マルハン亀有,2025-12-09,ファンキージャグラー２ＫＴ,756,200,1933,9,3,1/161,2025-12-26 09:18:09
701890,マルハン亀有,2025-12-09,ネオアイムジャグラーEX,831,200,6268,23,21,1/142,2025-12-26 09:18:09
701891,マルハン亀有,2025-12-09,ファンキージャグラー２ＫＴ,757,200,3739,14,11,1/150,2025-12-26 09:18:09
701892,マルハン亀有,2025-12-09,マイジャグラーV,717,200,7512,26,28,1/139,2025-12-26 09:18:09
701893,マルハン亀有,2025-12-09,スマスロ マギアレコード 魔法少女まどか☆マギカ外伝,595,200,8243,0,0,-,2025-12-26 09:18:09
701894,マルハン亀有,2025-12-09,Lゴジラ対エヴァンゲリオン,1003,200,4734,0,0,-,2025-12-26 09:18:09
701895,マルハン亀有,2025-12-09,ゴーゴージャグラー３,701,200,2986,14,5,1/157,2025-12-26 09:18:09
701896,マルハン亀有,2025-12-09,パチスロ戦国恋姫,661,200,3092,0,0,-,2025-12-26 09:18:09
701897,マルハン亀有,2025-12-09,Lパチスロからくりサーカス,1051,200,152,0,0,-,2025-12-26 09:18:09
701898,マルハン亀有,2025-12-09,L咲-Saki-頂上決戦,957,200,2696,0,0,-,2025-12-26 09:18:09
701899,マルハン亀有,2025-12-09,ファンキージャグラー２ＫＴ,759,200,7194,30,17,1/153,2025-12-26 09:18:09
701900,マルハン亀有,2025-12-09,マイジャグラーV,725,100,6724,29,12,1/164,2025-12-26 09:18:09
701901,マルハン亀有,2025-12-09,ジャグラーガールズSS,772,100,4609,0,0,-,2025-12-26 09:18:09
701902,マルハン亀有,2025-12-09,マイジャグラーV,729,100,8146,28,34,1/131,2025-12-26 09:18:09
701903,マルハン亀有,2025-12-09,SアイムジャグラーＥＸ,808,100,4563,21,5,1/176,2025-12-26 09:18:09
701904,マルハン亀有,2025-12-09,スマスロ新鬼武者3,861,100,3482,0,0,-,2025-12-26 09:18:09
701905,マルハン亀有,2025-12-09,ネオアイムジャグラーEX,823,100,6890,26,19,1/153,2025-12-26 09:18:09
701906,マルハン亀有,2025-12-09,LBパチスロ ヱヴァンゲリヲン～約束の扉～,985,100,1427,0,0,-,2025-12-26 09:18:09
701907,マルハン亀有,2025-12-09,Lパチスロ革命機ヴァルヴレイヴ,834,100,4984,0,0,-,2025-12-26 09:18:09
701908,マルハン亀有,2025-12-09,マイジャグラーV,709,100,5863,25,10,1/168,2025-12-26 09:18:09
701909,マルハン亀有,2025-12-09,ハッピージャグラーＶＩＩＩ,784,100,7117,27,24,1/140,2025-12-26 09:18:09
701910,マルハン亀有,2025-12-09,ミスタージャグラー,777,100,3305,0,0,-,2025-12-26 09:18:09
701911,マルハン亀有,2025-12-09,ネオアイムジャグラーEX,821,0,5824,23,15,1/153,2025-12-26 09:18:09
701912,マルハン亀有,2025-12-09,押忍！番長ＺＥＲＯ,689,0,0,0,0,-,2025-12-26 09:18:09
701913,マルハン亀有,2025-12-09,ファンキージャグラー２ＫＴ,745,0,4331,18,9,1/160,2025-12-26 09:18:09
701914,マルハン亀有,2025-12-09,ファンキージャグラー２ＫＴ,751,0,1917,9,2,1/174,2025-12-26 09:18:09
701915,マルハン亀有,2025-12-09,ファンキージャグラー２ＫＴ,760,0,1287,5,0,1/257,2025-12-26 09:18:09
701916,マルハン亀有,2025-12-09,ファンキージャグラー２ＫＴ,761,0,2591,10,5,1/173,2025-12-26 09:18:09
701917,マルハン亀有,2025-12-09,ファンキージャグラー２ＫＴ,764,0,5366,20,14,1/158,2025-12-26 09:18:09
701918,マルハン亀有,2025-12-09,スマスロ聖戦士ダンバイン,2002,0,0,0,0,-,2025-12-26 09:18:09
701919,マルハン亀有,2025-12-09,ゴーゴージャグラー３,800,0,4932,21,10,1/159,2025-12-26 09:18:09
701920,マルハン亀有,2025-12-09,Lパチスロ かぐや様は告らせたい,587,0,2246,0,0,-,2025-12-26 09:18:09
701921,マルハン亀有,2025-12-09,L絶対衝激IV,951,0,3621,0,0,-,2025-12-26 09:18:09
701922,マルハン亀有,2025-12-09,スマスロ聖戦士ダンバイン,2001,0,52,0,0,-,2025-12-26 09:18:09
701923,マルハン亀有,2025-12-09,Lスマスロ北斗の拳,926,0,6839,62,18,1/85,2025-12-26 09:18:09
701924,マルハン亀有,2025-12-09,スマスロ ドルアーガの塔,1010,0,2350,0,0,-,2025-12-26 09:18:09
701925,マルハン亀有,2025-12-09,スマスロ ゴッドイーター リザレクション,1016,0,0,0,0,-,2025-12-26 09:18:09
701926,マルハン亀有,2025-12-09,ネオアイムジャグラーEX,830,-100,5700,21,14,1/163,2025-12-26 09:18:09
701927,マルハン亀有,2025-12-09,Lパチスロ革命機ヴァルヴレイヴ2,875,-100,7217,0,0,-,2025-12-26 09:18:09
701928,マルハン亀有,2025-12-09,ネオアイムジャグラーEX,824,-100,5039,18,15,1/153,2025-12-26 09:18:09
701929,マルハン亀有,2025-12-09,ファンキージャグラー２ＫＴ,747,-100,2558,11,4,1/171,2025-12-26 09:18:09
701930,マルハン亀有,2025-12-09,ファンキージャグラー２ＫＴ,767,-100,2867,10,7,1/169,2025-12-26 09:18:09
701931,マルハン亀有,2025-12-09,SHAKE BONUS TRIGGER,978,-100,2168,0,0,-,2025-12-26 09:18:09
701932,マルハン亀有,2025-12-09,ゴーゴージャグラー３,704,-100,3964,16,12,1/142,2025-12-26 09:18:09
701933,マルハン亀有,2025-12-09,SHAKE BONUS TRIGGER,979,-100,3129,0,0,-,2025-12-26 09:18:09
701934,マルハン亀有,2025-12-09,ハッピージャグラーＶＩＩＩ,787,-100,3696,14,9,1/161,2025-12-26 09:18:09
701935,マルハン亀有,2025-12-09,ハッピージャグラーＶＩＩＩ,782,-100,5036,16,20,1/140,2025-12-26 09:18:09
701936,マルハン亀有,2025-12-09,ファンキージャグラー２ＫＴ,746,-100,1089,4,1,1/218,2025-12-26 09:18:09
701937,マルハン亀有,2025-12-09,スマスロ スーパーブラックジャック,1025,-100,5760,0,0,-,2025-12-26 09:18:09
701938,マルハン亀有,2025-12-09,ジャグラーガールズSS,771,-200,2623,0,0,-,2025-12-26 09:18:09
701939,マルハン亀有,2025-12-09,スマスロ 東京リベンジャーズ,901,-200,9879,0,0,-,2025-12-26 09:18:09
701940,マルハン亀有,2025-12-09,Lアズールレーン THE ANIMATION,949,-200,4404,0,0,-,2025-12-26 09:18:09
701941,マルハン亀有,2025-12-09,ネオアイムジャグラーEX,833,-200,6557,22,23,1/146,2025-12-26 09:18:09
701942,マルハン亀有,2025-12-09,ファンキージャグラー２ＫＴ,755,-200,2689,12,3,1/179,2025-12-26 09:18:09
701943,マルハン亀有,2025-12-09,ファンキージャグラー２ＫＴ,749,-200,3599,14,6,1/180,2025-12-26 09:18:09
701944,マルハン亀有,2025-12-09,ネオアイムジャグラーEX,826,-200,3825,15,7,1/174,2025-12-26 09:18:09
701945,マルハン亀有,2025-12-09,マイジャグラーV,712,-200,6624,24,22,1/144,2025-12-26 09:18:09
701946,マルハン亀有,2025-12-09,スマスロ スーパーブラックジャック,1031,-200,2772,0,0,-,2025-12-26 09:18:09
701947,マルハン亀有,2025-12-09,Lアズールレーン THE ANIMATION,950,-300,3845,0,0,-,2025-12-26 09:18:09
701948,マルハン亀有,2025-12-09,L主役は銭形5,610,-300,4905,0,0,-,2025-12-26 09:18:09
701949,マルハン亀有,2025-12-09,ファンキージャグラー２ＫＴ,766,-300,7151,26,20,1/155,2025-12-26 09:18:09
701950,マルハン亀有,2025-12-09,ジャグラーガールズSS,775,-300,1511,0,0,-,2025-12-26 09:18:09
701951,マルハン亀有,2025-12-09,ゴーゴージャグラー３,799,-300,4478,17,12,1/154,2025-12-26 09:18:09
701952,マルハン亀有,2025-12-09,スマスロモンキーターンV,636,-300,1966,0,0,-,2025-12-26 09:18:09
701953,マルハン亀有,2025-12-09,ハッピージャグラーＶＩＩＩ,806,-300,3253,13,7,1/163,2025-12-26 09:18:09
701954,マルハン亀有,2025-12-09,マイジャグラーV,743,-300,6643,21,19,1/166,2025-12-26 09:18:09
701955,マルハン亀有,2025-12-09,スマスロ 東京リベンジャーズ,902,-300,10594,0,0,-,2025-12-26 09:18:09
701956,マルハン亀有,2025-12-09,L ＨＥＹ！エリートサラリーマン鏡,1008,-300,1061,0,0,-,2025-12-26 09:18:09
701957,マルハン亀有,2025-12-09,Lパチスロ炎炎ノ消防隊,973,-300,4034,0,0,-,2025-12-26 09:18:09
701958,マルハン亀有,2025-12-09,ミスタージャグラー,778,-300,1203,0,0,-,2025-12-26 09:18:09
701959,マルハン亀有,2025-12-09,スマスロ ゴッドイーター リザレクション,1014,-400,3477,0,0,-,2025-12-26 09:18:09
701960,マルハン亀有,2025-12-09,ファンキージャグラー２ＫＴ,754,-400,577,1,0,1/577,2025-12-26 09:18:09
701961,マルハン亀有,2025-12-09,ハッピージャグラーＶＩＩＩ,791,-400,2522,8,6,1/180,2025-12-26 09:18:09
701962,マルハン亀有,2025-12-09,ハッピージャグラーＶＩＩＩ,788,-400,1832,7,1,1/229,2025-12-26 09:18:09
701963,マルハン亀有,2025-12-09,ゴーゴージャグラー３,705,-400,494,0,1,1/494,2025-12-26 09:18:09
701964,マルハン亀有,2025-12-09,スマスロ モンスターハンターライズ,1040,-400,1755,0,0,-,2025-12-26 09:18:09
701965,マルハン亀有,2025-12-09,ハッピージャグラーＶＩＩＩ,790,-400,993,2,3,1/199,2025-12-26 09:18:09
701966,マルハン亀有,2025-12-09,スマスロ新鬼武者3,859,-400,3987,0,0,-,2025-12-26 09:18:09
701967,マルハン亀有,2025-12-09,ジャグラーガールズSS,770,-400,3095,0,0,-,2025-12-26 09:18:09
701968,マルハン亀有,2025-12-09,L絶対衝激IV,953,-400,3158,0,0,-,2025-12-26 09:18:09
701969,マルハン亀有,2025-12-09,スマスロ新鬼武者3,863,-400,4723,0,0,-,2025-12-26 09:18:09
701970,マルハン亀有,2025-12-09,マイジャグラーV,722,-400,4414,15,11,1/170,2025-12-26 09:18:09
701971,マルハン亀有,2025-12-09,ゴーゴージャグラー３,698,-400,4293,14,13,1/159,2025-12-26 09:18:09
701972,マルハン亀有,2025-12-09,パチスロ　ディスクアップ２,690,-400,5606,16,15,1/181,2025-12-26 09:18:09
701973,マルハン亀有,2025-12-09,ファンキージャグラー２ＫＴ,737,-500,552,1,0,1/552,2025-12-26 09:18:09
701974,マルハン亀有,2025-12-09,マイジャグラーV,734,-500,8227,31,19,1/165,2025-12-26 09:18:09
701975,マルハン亀有,2025-12-09,スマスロ マギアレコード 魔法少女まどか☆マギカ外伝,599,-500,1800,0,0,-,2025-12-26 09:18:09
701976,マルハン亀有,2025-12-09,ゴーゴージャグラー３,802,-500,3193,12,6,1/177,2025-12-26 09:18:09
701977,マルハン亀有,2025-12-09,Lパチスロ かぐや様は告らせたい,619,-500,7765,0,0,-,2025-12-26 09:18:09
701978,マルハン亀有,2025-12-09,ファンキージャグラー２ＫＴ,748,-500,2204,7,3,1/220,2025-12-26 09:18:09
701979,マルハン亀有,2025-12-09,スマスロ ドルアーガの塔,1009,-500,497,0,0,-,2025-12-26 09:18:09
701980,マルハン亀有,2025-12-09,Lパチスロ かぐや様は告らせたい,620,-500,951,0,0,-,2025-12-26 09:18:09
701981,マルハン亀有,2025-12-09,Lスマスロ北斗の拳,925,-500,4836,37,13,1/97,2025-12-26 09:18:09
701982,マルハン亀有,2025-12-09,ゴーゴージャグラー３,695,-500,1265,4,2,1/211,2025-12-26 09:18:09
701983,マルハン亀有,2025-12-09,スマスロ新鬼武者3,856,-500,585,0,0,-,2025-12-26 09:18:09
701984,マルハン亀有,2025-12-09,マイジャグラーV,719,-500,6006,24,11,1/172,2025-12-26 09:18:09
701985,マルハン亀有,2025-12-09,パチスロ 転生したら剣でした,945,-600,729,0,0,-,2025-12-26 09:18:09
701986,マルハン亀有,2025-12-09,Lスマスロ北斗の拳,931,-600,5147,37,14,1/101,2025-12-26 09:18:09
701987,マルハン亀有,2025-12-09,Lスマスロ北斗の拳,914,-600,7226,55,17,1/100,2025-12-26 09:18:09
701988,マルハン亀有,2025-12-09,ファンキージャグラー２ＫＴ,736,-600,1565,4,3,1/224,2025-12-26 09:18:09
701989,マルハン亀有,2025-12-09,スマスロモンキーターンV,642,-600,4815,0,0,-,2025-12-26 09:18:09
701990,マルハン亀有,2025-12-09,Lパチスロからくりサーカス,1042,-600,536,0,0,-,2025-12-26 09:18:09
701991,マルハン亀有,2025-12-09,マイジャグラーV,733,-600,5566,19,15,1/164,2025-12-26 09:18:09
701992,マルハン亀有,2025-12-09,スマスロ新鬼武者3,860,-700,916,0,0,-,2025-12-26 09:18:09
701993,マルハン亀有,2025-12-09,Lスマスロ北斗の拳,998,-700,1942,12,4,1/121,2025-12-26 09:18:09
701994,マルハン亀有,2025-12-09,L少女☆歌劇 レヴュースタァライト -The SLOT-,639,-700,701,0,0,-,2025-12-26 09:18:09
701995,マルハン亀有,2025-12-09,L少女☆歌劇 レヴュースタァライト -The SLOT-,638,-700,880,0,0,-,2025-12-26 09:18:09
701996,マルハン亀有,2025-12-09,ゴーゴージャグラー３,707,-700,869,1,1,1/435,2025-12-26 09:18:09
701997,マルハン亀有,2025-12-09,ネオアイムジャグラーEX,818,-700,1529,3,4,1/218,2025-12-26 09:18:09
701998,マルハン亀有,2025-12-09,パチスロ　甲鉄城のカバネリ,672,-700,1857,0,0,-,2025-12-26 09:18:09
701999,マルハン亀有,2025-12-09,ネオアイムジャグラーEX,814,-700,3810,12,10,1/173,2025-12-26 09:18:09
702000,マルハン亀有,2025-12-09,Lスマスロ北斗の拳,913,-700,9132,69,26,1/96,2025-12-26 09:18:09
702001,マルハン亀有,2025-12-09,Lパチスロ かぐや様は告らせたい,590,-700,604,0,0,-,2025-12-26 09:18:09
702002,マルハン亀有,2025-12-09,ゴーゴージャグラー３,798,-700,4556,16,14,1/152,2025-12-26 09:18:09
702003,マルハン亀有,2025-12-09,ネオアイムジャグラーEX,812,-700,1389,3,2,1/278,2025-12-26 09:18:09
702004,マルハン亀有,2025-12-09,ゴーゴージャグラー３,700,-700,942,1,3,1/236,2025-12-26 09:18:09
702005,マルハン亀有,2025-12-09,パチスロ 転生したら剣でした,944,-700,5180,0,0,-,2025-12-26 09:18:09
702006,マルハン亀有,2025-12-09,ハッピージャグラーＶＩＩＩ,781,-700,1306,3,2,1/261,2025-12-26 09:18:09
702007,マルハン亀有,2025-12-09,ハッピージャグラーＶＩＩＩ,785,-700,2192,5,6,1/199,2025-12-26 09:18:09
702008,マルハン亀有,2025-12-09,Sister Quest,1005,-800,2298,0,0,-,2025-12-26 09:18:09
702009,マルハン亀有,2025-12-09,マイジャグラーV,740,-800,5825,18,15,1/177,2025-12-26 09:18:09
702010,マルハン亀有,2025-12-09,スマスロモンキーターンV,632,-800,4011,0,0,-,2025-12-26 09:18:09
702011,マルハン亀有,2025-12-09,ネオアイムジャグラーEX,817,-800,2791,9,4,1/215,2025-12-26 09:18:09
702012,マルハン亀有,2025-12-09,L東京喰種,836,-800,8762,0,0,-,2025-12-26 09:18:09
702013,マルハン亀有,2025-12-09,クレアの秘宝伝～はじまりの扉と太陽の石～ボーナストリガーver.,981,-800,6425,0,0,-,2025-12-26 09:18:09
702014,マルハン亀有,2025-12-09,ハッピージャグラーＶＩＩＩ,792,-800,1018,0,3,1/339,2025-12-26 09:18:09
702015,マルハン亀有,2025-12-09,ウルトラミラクルジャグラー,796,-800,2263,0,0,-,2025-12-26 09:18:09
702016,マルハン亀有,2025-12-09,Lスマスロ北斗の拳,911,-800,3011,21,6,1/112,2025-12-26 09:18:09
702017,マルハン亀有,2025-12-09,スマスロ新鬼武者3,865,-900,3758,0,0,-,2025-12-26 09:18:09
702018,マルハン亀有,2025-12-09,マイジャグラーV,720,-900,3623,9,12,1/173,2025-12-26 09:18:09
702019,マルハン亀有,2025-12-09,SアイムジャグラーＥＸ,809,-900,3481,11,7,1/193,2025-12-26 09:18:09
702020,マルハン亀有,2025-12-09,Lパチスロ革命機ヴァルヴレイヴ2,884,-900,6668,0,0,-,2025-12-26 09:18:09
702021,マルハン亀有,2025-12-09,マイジャグラーV,738,-900,6198,17,20,1/168,2025-12-26 09:18:09
702022,マルハン亀有,2025-12-09,マイジャグラーV,724,-900,3930,11,12,1/171,2025-12-26 09:18:09
702023,マルハン亀有,2025-12-09,ネオアイムジャグラーEX,820,-900,2764,5,13,1/154,2025-12-26 09:18:09
702024,マルハン亀有,2025-12-09,スマスロ新鬼武者3,854,-900,2822,0,0,-,2025-12-26 09:18:09
702025,マルハン亀有,2025-12-09,ハッピージャグラーＶＩＩＩ,783,-900,2311,6,5,1/210,2025-12-26 09:18:09
702026,マルハン亀有,2025-12-09,L咲-Saki-頂上決戦,958,-900,711,0,0,-,2025-12-26 09:18:09
702027,マルハン亀有,2025-12-09,スマスロ スーパーブラックジャック,1030,-900,2365,0,0,-,2025-12-26 09:18:09
702028,マルハン亀有,2025-12-09,いざ！番長,655,-900,6676,0,0,-,2025-12-26 09:18:09
702029,マルハン亀有,2025-12-09,吉宗,907,-900,4060,0,0,-,2025-12-26 09:18:09
702030,マルハン亀有,2025-12-09,スマスロモンキーターンV,634,-900,4995,0,0,-,2025-12-26 09:18:09
702031,マルハン亀有,2025-12-09,スマスロ モンスターハンターライズ,1032,-900,3399,0,0,-,2025-12-26 09:18:09
702032,マルハン亀有,2025-12-09,Lスマスロ北斗の拳,932,-900,3233,19,6,1/129,2025-12-26 09:18:09
702033,マルハン亀有,2025-12-09,Lパチスロ かぐや様は告らせたい,615,-900,4135,0,0,-,2025-12-26 09:18:09
702034,マルハン亀有,2025-12-09,Lスマスロ北斗の拳,912,-900,3998,26,8,1/118,2025-12-26 09:18:09
702035,マルハン亀有,2025-12-09,スマスロモンキーターンV,648,-900,4620,0,0,-,2025-12-26 09:18:09
702036,マルハン亀有,2025-12-09,Lパチスロ かぐや様は告らせたい,591,-900,1374,0,0,-,2025-12-26 09:18:09
702037,マルハン亀有,2025-12-09,SアイムジャグラーＥＸ,807,-1000,2293,6,3,1/255,2025-12-26 09:18:09
702038,マルハン亀有,2025-12-09,スマスロモンキーターンV,626,-1000,2078,0,0,-,2025-12-26 09:18:09
702039,マルハン亀有,2025-12-09,アレックス ブライト,988,-1000,1808,0,0,-,2025-12-26 09:18:09
702040,マルハン亀有,2025-12-09,マイジャグラーV,741,-1000,5737,16,19,1/164,2025-12-26 09:18:09
702041,マルハン亀有,2025-12-09,クランキークレスト,694,-1000,3001,0,0,-,2025-12-26 09:18:09
702042,マルハン亀有,2025-12-09,ハッピージャグラーＶＩＩＩ,780,-1000,1560,3,2,1/312,2025-12-26 09:18:09
702043,マルハン亀有,2025-12-09,マイジャグラーV,718,-1000,5335,16,15,1/172,2025-12-26 09:18:09
702044,マルハン亀有,2025-12-09,マイジャグラーV,728,-1000,5105,15,15,1/170,2025-12-26 09:18:09
702045,マルハン亀有,2025-12-09,ファンキージャグラー２ＫＴ,744,-1000,4904,15,12,1/182,2025-12-26 09:18:09
702046,マルハン亀有,2025-12-09,ウルトラミラクルジャグラー,797,-1000,2991,0,0,-,2025-12-26 09:18:09
702047,マルハン亀有,2025-12-09,ネオアイムジャグラーEX,816,-1000,2919,8,7,1/195,2025-12-26 09:18:09
702048,マルハン亀有,2025-12-09,いざ！番長,652,-1100,4827,0,0,-,2025-12-26 09:18:09
702049,マルハン亀有,2025-12-09,ウルトラミラクルジャグラー,793,-1100,4241,0,0,-,2025-12-26 09:18:09
702050,マルハン亀有,2025-12-09,スマスロ新鬼武者3,858,-1100,2643,0,0,-,2025-12-26 09:18:09
702051,マルハン亀有,2025-12-09,L真・一騎当千,1007,-1100,2087,0,0,-,2025-12-26 09:18:09
702052,マルハン亀有,2025-12-09,沖ドキ!ゴージャス 25Φ,678,-1100,5931,0,0,-,2025-12-26 09:18:09
702053,マルハン亀有,2025-12-09,ネオアイムジャグラーEX,832,-1100,4950,14,14,1/177,2025-12-26 09:18:09
702054,マルハン亀有,2025-12-09,パチスロ　甲鉄城のカバネリ,667,-1100,1321,0,0,-,2025-12-26 09:18:09
702055,マルハン亀有,2025-12-09,ネオアイムジャグラーEX,827,-1100,3676,9,9,1/204,2025-12-26 09:18:09
702056,マルハン亀有,2025-12-09,スーパービンゴネオ,966,-1100,848,0,0,-,2025-12-26 09:18:09
702057,マルハン亀有,2025-12-09,SHAKE BONUS TRIGGER,977,-1100,5113,0,0,-,2025-12-26 09:18:09
702058,マルハン亀有,2025-12-09,スマスロ新鬼武者3,855,-1100,1214,0,0,-,2025-12-26 09:18:09
702059,マルハン亀有,2025-12-09,Lスマスロ北斗の拳,910,-1200,4088,29,6,1/117,2025-12-26 09:18:09
702060,マルハン亀有,2025-12-09,回胴黙示録カイジ 狂宴,956,-1200,1645,0,0,-,2025-12-26 09:18:09
702061,マルハン亀有,2025-12-09,ゴーゴージャグラー３,699,-1200,4791,14,14,1/171,2025-12-26 09:18:09
702062,マルハン亀有,2025-12-09,ゴーゴージャグラー３,716,-1200,3527,9,10,1/186,2025-12-26 09:18:09
702063,マルハン亀有,2025-12-09,Lパチスロ かぐや様は告らせたい,612,-1200,1997,0,0,-,2025-12-26 09:18:09
702064,マルハン亀有,2025-12-09,LBパチスロ ヱヴァンゲリヲン～約束の扉～,986,-1200,1699,0,0,-,2025-12-26 09:18:09
702065,マルハン亀有,2025-12-09,LBパチスロ ヱヴァンゲリヲン～約束の扉～,984,-1200,2963,0,0,-,2025-12-26 09:18:09
702066,マルハン亀有,2025-12-09,Lパチスロからくりサーカス,1041,-1200,3169,0,0,-,2025-12-26 09:18:09
702067,マルハン亀有,2025-12-09,マイジャグラーV,710,-1200,6099,19,14,1/185,2025-12-26 09:18:09
702068,マルハン亀有,2025-12-09,新ハナビ,693,-1200,5351,0,0,-,2025-12-26 09:18:09
702069,マルハン亀有,2025-12-09,Lパチスロからくりサーカス,1049,-1200,974,0,0,-,2025-12-26 09:18:09
702070,マルハン亀有,2025-12-09,Lパチスロ かぐや様は告らせたい,621,-1200,1730,0,0,-,2025-12-26 09:18:09
702071,マルハン亀有,2025-12-09,スマスロ バイオハザード5,939,-1300,1694,0,0,-,2025-12-26 09:18:09
702072,マルハン亀有,2025-12-09,Lパチスロからくりサーカス,1048,-1300,1199,0,0,-,2025-12-26 09:18:09
702073,マルハン亀有,2025-12-09,Lパチスロ かぐや様は告らせたい,618,-1300,2200,0,0,-,2025-12-26 09:18:09
702074,マルハン亀有,2025-12-09,ジャグラーガールズSS,769,-1300,5702,0,0,-,2025-12-26 09:18:09
702075,マルハン亀有,2025-12-09,マイジャグラーV,739,-1300,3124,6,9,1/208,2025-12-26 09:18:09
702076,マルハン亀有,2025-12-09,パチスロ わたしの幸せな結婚,1004,-1300,4824,0,0,-,2025-12-26 09:18:09
702077,マルハン亀有,2025-12-09,マイジャグラーV,711,-1300,4740,13,8,1/226,2025-12-26 09:18:09
702078,マルハン亀有,2025-12-09,Lパチスロ革命機ヴァルヴレイヴ2,881,-1300,8795,0,0,-,2025-12-26 09:18:09
702079,マルハン亀有,2025-12-09,L ToLOVEるダークネス TRANCE ver.8.7,960,-1300,2057,0,0,-,2025-12-26 09:18:09
702080,マルハン亀有,2025-12-09,スマスロモンキーターンV,647,-1300,1796,0,0,-,2025-12-26 09:18:09
702081,マルハン亀有,2025-12-09,Lスマスロ北斗の拳,1002,-1400,7324,49,15,1/114,2025-12-26 09:18:09
702082,マルハン亀有,2025-12-09,ゴーゴージャグラー３,715,-1400,6548,22,21,1/152,2025-12-26 09:18:09
702083,マルハン亀有,2025-12-09,スマスロモンキーターンV,649,-1400,3976,0,0,-,2025-12-26 09:18:09
702084,マルハン亀有,2025-12-09,スマスロとある科学の超電磁砲2,602,-1400,1614,0,0,-,2025-12-26 09:18:09
702085,マルハン亀有,2025-12-09,パチスロ　ディスクアップ２,691,-1400,3726,10,7,1/219,2025-12-26 09:18:09
702086,マルハン亀有,2025-12-09,パチスロ 転生したら剣でした,946,-1400,2275,0,0,-,2025-12-26 09:18:09
702087,マルハン亀有,2025-12-09,スマスロ バイオハザード5,940,-1400,2052,0,0,-,2025-12-26 09:18:09
702088,マルハン亀有,2025-12-09,スマスロ デビルメイクライ5 スタイリッシュトライブ,943,-1400,6214,0,0,-,2025-12-26 09:18:09
702089,マルハン亀有,2025-12-09,押忍！番長ＺＥＲＯ,687,-1500,1476,0,0,-,2025-12-26 09:18:09
702090,マルハン亀有,2025-12-09,スマスロ化物語,919,-1500,7422,0,0,-,2025-12-26 09:18:09
702091,マルハン亀有,2025-12-09,スマスロ スーパーブラックジャック,1024,-1500,5367,0,0,-,2025-12-26 09:18:09
702092,マルハン亀有,2025-12-09,L主役は銭形5,608,-1500,3419,0,0,-,2025-12-26 09:18:09
702093,マルハン亀有,2025-12-09,ゴーゴージャグラー３,801,-1500,3382,7,9,1/211,2025-12-26 09:18:09
702094,マルハン亀有,2025-12-09,マイジャグラーV,713,-1600,4324,10,11,1/206,2025-12-26 09:18:09
702095,マルハン亀有,2025-12-09,回胴黙示録カイジ 狂宴,955,-1600,3484,0,0,-,2025-12-26 09:18:09
702096,マルハン亀有,2025-12-09,Lスマスロ北斗の拳,909,-1600,2905,16,5,1/138,2025-12-26 09:18:09
702097,マルハン亀有,2025-12-09,SアイムジャグラーＥＸ,811,-1600,2457,3,7,1/246,2025-12-26 09:18:09
702098,マルハン亀有,2025-12-09,L少女☆歌劇 レヴュースタァライト -The SLOT-,640,-1600,1434,0,0,-,2025-12-26 09:18:09
702099,マルハン亀有,2025-12-09,スマスロ モンスターハンターライズ,1034,-1600,1286,0,0,-,2025-12-26 09:18:09
702100,マルハン亀有,2025-12-09,Lスマスロ北斗の拳,928,-1600,5707,37,14,1/112,2025-12-26 09:18:09
702101,マルハン亀有,2025-12-09,スマスロ マギアレコード 魔法少女まどか☆マギカ外伝,596,-1600,6652,0,0,-,2025-12-26 09:18:09
702102,マルハン亀有,2025-12-09,スマスロモンキーターンV,625,-1600,3812,0,0,-,2025-12-26 09:18:09
702103,マルハン亀有,2025-12-09,Lパチスロ革命機ヴァルヴレイヴ2,882,-1600,8527,0,0,-,2025-12-26 09:18:09
702104,マルハン亀有,2025-12-09,Lスマスロ北斗の拳,994,-1700,9448,63,24,1/109,2025-12-26 09:18:09
702105,マルハン亀有,2025-12-09,スマスロ マギアレコード 魔法少女まどか☆マギカ外伝,600,-1700,3195,0,0,-,2025-12-26 09:18:09
702106,マルハン亀有,2025-12-09,押忍！番長ＺＥＲＯ,685,-1700,2242,0,0,-,2025-12-26 09:18:09
702107,マルハン亀有,2025-12-09,Lパチスロからくりサーカス,1050,-1700,1590,0,0,-,2025-12-26 09:18:09
702108,マルハン亀有,2025-12-09,ネオアイムジャグラーEX,815,-1700,4054,9,9,1/225,2025-12-26 09:18:09
702109,マルハン亀有,2025-12-09,L ToLOVEるダークネス TRANCE ver.8.7,959,-1700,4508,0,0,-,2025-12-26 09:18:09
702110,マルハン亀有,2025-12-09,いざ！番長,651,-1700,6075,0,0,-,2025-12-26 09:18:09
702111,マルハン亀有,2025-12-09,Lパチスロ革命機ヴァルヴレイヴ2,874,-1700,7322,0,0,-,2025-12-26 09:18:09
702112,マルハン亀有,2025-12-09,スマスロモンキーターンV,641,-1700,2860,0,0,-,2025-12-26 09:18:09
702113,マルハン亀有,2025-12-09,沖ドキ!ゴージャス 25Φ,679,-1700,4740,0,0,-,2025-12-26 09:18:09
702114,マルハン亀有,2025-12-09,スマスロ新鬼武者3,857,-1700,2307,0,0,-,2025-12-26 09:18:09
702115,マルハン亀有,2025-12-09,スマスロ マギアレコード 魔法少女まどか☆マギカ外伝,594,-1800,2725,0,0,-,2025-12-26 09:18:09
702116,マルハン亀有,2025-12-09,Lスマスロ北斗の拳,929,-1800,5266,32,10,1/125,2025-12-26 09:18:09
702117,マルハン亀有,2025-12-09,スマスロ モンスターハンターライズ,1039,-1800,2241,0,0,-,2025-12-26 09:18:09
702118,マルハン亀有,2025-12-09,パチスロ　甲鉄城のカバネリ,671,-1800,2264,0,0,-,2025-12-26 09:18:09
702119,マルハン亀有,2025-12-09,A-SLOT+ ディスクアップ ULTRAREMIX,1012,-1800,3240,7,4,1/295,2025-12-26 09:18:09
702120,マルハン亀有,2025-12-09,Lパチスロ かぐや様は告らせたい,614,-1800,1790,0,0,-,2025-12-26 09:18:09
702121,マルハン亀有,2025-12-09,マイジャグラーV,731,-1900,5987,17,14,1/193,2025-12-26 09:18:09
702122,マルハン亀有,2025-12-09,スマスロ新鬼武者3,864,-1900,2787,0,0,-,2025-12-26 09:18:09
702123,マルハン亀有,2025-12-09,スマスロ 東京リベンジャーズ,890,-1900,8554,0,0,-,2025-12-26 09:18:09
702124,マルハン亀有,2025-12-09,Lパチスロ かぐや様は告らせたい,622,-1900,4983,0,0,-,2025-12-26 09:18:09
702125,マルハン亀有,2025-12-09,スマスロ ゴッドイーター リザレクション,1015,-1900,2763,0,0,-,2025-12-26 09:18:09
702126,マルハン亀有,2025-12-09,スマスロ モンスターハンターライズ,1037,-1900,5386,0,0,-,2025-12-26 09:18:09
702127,マルハン亀有,2025-12-09,スマスロ スーパーブラックジャック,1028,-1900,5502,0,0,-,2025-12-26 09:18:09
702128,マルハン亀有,2025-12-09,スマスロとある科学の超電磁砲2,604,-1900,3096,0,0,-,2025-12-26 09:18:09
702129,マルハン亀有,2025-12-09,Lスマスロ北斗の拳,999,-1900,7046,48,17,1/108,2025-12-26 09:18:09
702130,マルハン亀有,2025-12-09,Lパチスロ革命機ヴァルヴレイヴ2,866,-2000,5795,0,0,-,2025-12-26 09:18:09
702131,マルハン亀有,2025-12-09,いざ！番長,660,-2000,7264,0,0,-,2025-12-26 09:18:09
702132,マルハン亀有,2025-12-09,スマスロモンキーターンV,629,-2000,4086,0,0,-,2025-12-26 09:18:09
702133,マルハン亀有,2025-12-09,沖ドキ!ゴージャス 25Φ,683,-2000,3340,0,0,-,2025-12-26 09:18:09
702134,マルハン亀有,2025-12-09,スマスロモンキーターンV,650,-2000,4536,0,0,-,2025-12-26 09:18:09
702135,マルハン亀有,2025-12-09,マジカルハロウィン ボーナストリガー,990,-2000,2207,0,0,-,2025-12-26 09:18:09
702136,マルハン亀有,2025-12-09,スマスロとある科学の超電磁砲2,603,-2000,4849,0,0,-,2025-12-26 09:18:09
702137,マルハン亀有,2025-12-09,スマスロ バイオハザード5,937,-2000,2503,0,0,-,2025-12-26 09:18:09
702138,マルハン亀有,2025-12-09,スマスロ マギアレコード 魔法少女まどか☆マギカ外伝,598,-2100,3417,0,0,-,2025-12-26 09:18:09
702139,マルハン亀有,2025-12-09,Lダーリン・イン・ザ・フランキス,968,-2100,3607,0,0,-,2025-12-26 09:18:09
702140,マルハン亀有,2025-12-09,Lスマスロ北斗の拳,995,-2100,5241,33,11,1/119,2025-12-26 09:18:09
702141,マルハン亀有,2025-12-09,Lスマスロ北斗の拳,924,-2200,5764,35,13,1/120,2025-12-26 09:18:09
702142,マルハン亀有,2025-12-09,スマスロ デビルメイクライ5 スタイリッシュトライブ,941,-2200,5013,0,0,-,2025-12-26 09:18:09
702143,マルハン亀有,2025-12-09,Lスマスロ北斗の拳,934,-2300,4443,24,9,1/135,2025-12-26 09:18:09
702144,マルハン亀有,2025-12-09,ネオアイムジャグラーEX,822,-2300,3517,5,6,1/320,2025-12-26 09:18:09
702145,マルハン亀有,2025-12-09,スマスロ化物語,916,-2400,7170,0,0,-,2025-12-26 09:18:09
702146,マルハン亀有,2025-12-09,回胴黙示録カイジ 狂宴,954,-2400,3030,0,0,-,2025-12-26 09:18:09
702147,マルハン亀有,2025-12-09,L主役は銭形5,606,-2500,5529,0,0,-,2025-12-26 09:18:09
702148,マルハン亀有,2025-12-09,スマスロモンキーターンV,637,-2600,4499,0,0,-,2025-12-26 09:18:09
702149,マルハン亀有,2025-12-09,Lパチスロ革命機ヴァルヴレイヴ2,868,-2600,6637,0,0,-,2025-12-26 09:18:09
702150,マルハン亀有,2025-12-09,L戦国乙女４　戦乱に閃く炯眼の軍師,971,-2600,2486,0,0,-,2025-12-26 09:18:09
702151,マルハン亀有,2025-12-09,L東京喰種,842,-2700,6272,0,0,-,2025-12-26 09:18:09
702152,マルハン亀有,2025-12-09,Lパチスロ革命機ヴァルヴレイヴ2,886,-2700,6233,0,0,-,2025-12-26 09:18:09
702153,マルハン亀有,2025-12-09,いざ！番長,654,-2700,5554,0,0,-,2025-12-26 09:18:09
702154,マルハン亀有,2025-12-09,Lパチスロ かぐや様は告らせたい,593,-2700,4238,0,0,-,2025-12-26 09:18:09
702155,マルハン亀有,2025-12-09,Lパチスロ革命機ヴァルヴレイヴ2,888,-2800,5392,0,0,-,2025-12-26 09:18:09
702156,マルハン亀有,2025-12-09,いざ！番長,659,-2800,6864,0,0,-,2025-12-26 09:18:09
702157,マルハン亀有,2025-12-09,Lぱちスロ乃木坂４６,935,-2800,3233,0,0,-,2025-12-26 09:18:09
702158,マルハン亀有,2025-12-09,スマスロモンキーターンV,646,-2900,6139,0,0,-,2025-12-26 09:18:09
702159,マルハン亀有,2025-12-09,スマスロネオプラネット,965,-2900,3892,0,0,-,2025-12-26 09:18:09
702160,マルハン亀有,2025-12-09,L東京喰種,837,-2900,8053,0,0,-,2025-12-26 09:18:09
702161,マルハン亀有,2025-12-09,スマスロネオプラネット,962,-2900,3173,0,0,-,2025-12-26 09:18:09
702162,マルハン亀有,2025-12-09,Lパチスロ革命機ヴァルヴレイヴ2,887,-2900,5272,0,0,-,2025-12-26 09:18:09
702163,マルハン亀有,2025-12-09,L東京喰種,844,-2900,5689,0,0,-,2025-12-26 09:18:09
702164,マルハン亀有,2025-12-09,スマスロ モンスターハンターライズ,1033,-3000,8552,0,0,-,2025-12-26 09:18:09
702165,マルハン亀有,2025-12-09,スマスロ新鬼武者3,862,-3000,2664,0,0,-,2025-12-26 09:18:09
702166,マルハン亀有,2025-12-09,プリズムナナ,976,-3000,6914,0,0,-,2025-12-26 09:18:09
702167,マルハン亀有,2025-12-09,スマスロネオプラネット,964,-3200,4904,0,0,-,2025-12-26 09:18:09
702168,マルハン亀有,2025-12-09,いざ！番長,657,-3400,5776,0,0,-,2025-12-26 09:18:09
702169,マルハン亀有,2025-12-09,スマスロ新鬼武者3,852,-3400,4640,0,0,-,2025-12-26 09:18:09
702170,マルハン亀有,2025-12-09,スマスロ ゴッドイーター リザレクション,1019,-3500,5083,0,0,-,2025-12-26 09:18:09
702171,マルハン亀有,2025-12-09,Lダーリン・イン・ザ・フランキス,967,-3500,5500,0,0,-,2025-12-26 09:18:09
702172,マルハン亀有,2025-12-09,沖ドキ!ゴージャス 25Φ,681,-3600,6879,0,0,-,2025-12-26 09:18:09
702173,マルハン亀有,2025-12-09,L東京喰種,849,-3600,8120,0,0,-,2025-12-26 09:18:09
702174,マルハン亀有,2025-12-09,Lパチスロ革命機ヴァルヴレイヴ2,885,-3600,4951,0,0,-,2025-12-26 09:18:09
702175,マルハン亀有,2025-12-09,沖ドキ!ゴージャス 25Φ,673,-3900,4824,0,0,-,2025-12-26 09:18:09
702176,マルハン亀有,2025-12-09,いざ！番長,658,-3900,6840,0,0,-,2025-12-26 09:18:09
702177,マルハン亀有,2025-12-09,吉宗,903,-4200,7858,0,0,-,2025-12-26 09:18:09
702178,マルハン亀有,2025-12-09,Lパチスロ革命機ヴァルヴレイヴ2,877,-4400,5938,0,0,-,2025-12-26 09:18:09
702179,マルハン亀有,2025-12-09,スマスロ化物語,915,-4400,7536,0,0,-,2025-12-26 09:18:09
702180,マルハン亀有,2025-12-09,Lパチスロ革命機ヴァルヴレイヴ2,879,-4400,7157,0,0,-,2025-12-26 09:18:09
702181,マルハン亀有,2025-12-09,吉宗,904,-4400,4435,0,0,-,2025-12-26 09:18:09
702182,マルハン亀有,2025-12-09,Lアズールレーン THE ANIMATION,947,-4600,4206,0,0,-,2025-12-26 09:18:09
702183,マルハン亀有,2025-12-09,L東京喰種,847,-4700,5693,0,0,-,2025-12-26 09:18:09
702184,マルハン亀有,2025-12-09,Lパチスロ かぐや様は告らせたい,613,-4800,8635,0,0,-,2025-12-26 09:18:09
702185,マルハン亀有,2025-12-09,プリズムナナ,975,-4800,7044,0,0,-,2025-12-26 09:18:09
702186,マルハン亀有,2025-12-09,Lパチスロからくりサーカス,1043,-5000,5729,0,0,-,2025-12-26 09:18:09
702187,マルハン亀有,2025-12-09,Lパチスロ革命機ヴァルヴレイヴ2,880,-5500,7019,0,0,-,2025-12-26 09:18:09
702188,マルハン亀有,2025-12-09,Lパチスロ革命機ヴァルヴレイヴ2,883,-6300,8363,0,0,-,2025-12-26 09:18:09
702189,マルハン亀有,2025-12-09,スマスロ化物語,918,-7700,7937,0,0,-,2025-12-26 09:18:09
